Start:
Day 1:Worms:[b1-9(1,0),]Food:[(1,-4,9),]
Day 2:Worms:[b1-8(1,-1),]Food:[(1,-4,8),(9,5,9),]
Day 3:Worms:[b1-7(1,-2),]Food:[(1,-4,7),(9,5,8),(-8,1,9),]
Day 4:Worms:[b1-6(1,-3),]Food:[(1,-4,6),(9,5,7),(-8,1,8),(2,-5,9),]
Day 5:Worms:[b1-15(1,-4),]Food:[(9,5,6),(-8,1,7),(2,-5,8),(4,2,9),]
Day 6:Worms:[b1-14(2,-4),]Food:[(9,5,5),(-8,1,6),(2,-5,7),(4,2,8),(-13,2,9),]
Day 7:Worms:[b1-23(2,-5),]Food:[(9,5,4),(-8,1,5),(4,2,7),(-13,2,8),(-4,-2,9),]
Day 8:Worms:[b1-13(2,-5),c1-10(3,-5),]Food:[(9,5,3),(-8,1,4),(4,2,6),(-13,2,7),(-4,-2,8),(-4,0,9),]
Day 9:Worms:[b1-12(1,-5),c1-9(3,-4),]Food:[(9,5,2),(-8,1,3),(4,2,5),(-13,2,6),(-4,-2,7),(-4,0,8),(3,-1,9),]
Day 10:Worms:[b1-11(2,-5),c1-8(3,-3),]Food:[(9,5,1),(-8,1,2),(4,2,4),(-13,2,5),(-4,-2,6),(-4,0,7),(3,-1,8),(3,16,9),]
Day 11:Worms:[b1-10(3,-5),c1-7(3,-2),]Food:[(-8,1,1),(4,2,3),(-13,2,4),(-4,-2,5),(-4,0,6),(3,-1,7),(3,16,8),(7,-1,9),]
Day 12:Worms:[b1-9(3,-4),c1-16(3,-1),]Food:[(4,2,2),(-13,2,3),(-4,-2,4),(-4,0,5),(3,16,7),(7,-1,8),(5,4,9),]
Day 13:Worms:[b1-8(4,-4),c1-15(4,-1),]Food:[(4,2,1),(-13,2,2),(-4,-2,3),(-4,0,4),(3,16,6),(7,-1,7),(5,4,8),(8,3,9),]
Day 14:Worms:[b1-7(5,-4),c1-14(5,-1),]Food:[(-13,2,1),(-4,-2,2),(-4,0,3),(3,16,5),(7,-1,6),(5,4,7),(8,3,8),(8,11,9),]
Day 15:Worms:[b1-6(6,-4),c1-13(6,-1),]Food:[(-4,-2,1),(-4,0,2),(3,16,4),(7,-1,5),(5,4,6),(8,3,7),(8,11,8),(-3,4,9),]
Day 16:Worms:[b1-5(7,-4),c1-22(7,-1),]Food:[(-4,0,1),(3,16,3),(5,4,5),(8,3,6),(8,11,7),(-3,4,8),(6,4,9),]
Day 17:Worms:[b1-4(6,-4),c1-12(7,-1),d1-10(8,-1),]Food:[(3,16,2),(5,4,4),(8,3,5),(8,11,6),(-3,4,7),(6,4,8),(1,0,9),]
Day 18:Worms:[b1-3(5,-4),c1-11(6,-1),d1-9(8,0),]Food:[(3,16,1),(5,4,3),(8,3,4),(8,11,5),(-3,4,6),(6,4,7),(1,0,8),(0,-1,9),]
Day 19:Worms:[b1-2(4,-4),c1-10(5,-1),d1-8(8,1),]Food:[(5,4,2),(8,3,3),(8,11,4),(-3,4,5),(6,4,6),(1,0,7),(0,-1,8),(5,0,9),]
Day 20:Worms:[b1-1(3,-4),c1-19(5,0),d1-7(8,2),]Food:[(5,4,1),(8,3,2),(8,11,3),(-3,4,4),(6,4,5),(1,0,6),(0,-1,7),(-10,8,9),]
Day 21:Worms:[c1-18(4,0),d1-16(8,3),]Food:[(8,11,2),(-3,4,3),(6,4,4),(1,0,5),(0,-1,6),(-10,8,8),(2,7,9),]
Day 22:Worms:[c1-17(3,0),d1-15(7,3),]Food:[(8,11,1),(-3,4,2),(6,4,3),(1,0,4),(0,-1,5),(-10,8,7),(2,7,8),(-8,-2,9),]
Day 23:Worms:[c1-16(2,0),d1-14(6,3),]Food:[(-3,4,1),(6,4,2),(1,0,3),(0,-1,4),(-10,8,6),(2,7,7),(-8,-2,8),(-3,-1,9),]
Day 24:Worms:[c1-25(1,0),d1-23(6,4),]Food:[(0,-1,3),(-10,8,5),(2,7,6),(-8,-2,7),(-3,-1,8),(-1,7,9),]
Day 25:Worms:[c1-15(1,0),d1-13(6,4),e1-10(2,0),f1-10(7,4),]Food:[(0,-1,2),(-10,8,4),(2,7,5),(-8,-2,6),(-3,-1,7),(-1,7,8),(-7,-2,9),]
Day 26:Worms:[c1-14(0,0),d1-12(5,4),e1-9(1,0),f1-9(7,3),]Food:[(0,-1,1),(-10,8,3),(2,7,4),(-8,-2,5),(-3,-1,6),(-1,7,7),(-7,-2,8),(7,-3,9),]
Day 27:Worms:[c1-23(0,-1),d1-11(6,4),e1-8(0,0),f1-8(7,2),]Food:[(-10,8,2),(2,7,3),(-8,-2,4),(-3,-1,5),(-1,7,6),(-7,-2,7),(7,-3,8),(-6,-9,9),]
Day 28:Worms:[c1-13(0,-1),d1-10(7,4),e1-7(-1,0),f1-7(7,1),g1-10(-1,-1),]Food:[(-10,8,1),(2,7,2),(-8,-2,3),(-3,-1,4),(-1,7,5),(-7,-2,6),(7,-3,7),(-6,-9,8),(0,-4,9),]
Day 29:Worms:[c1-12(0,-1),d1-9(7,3),e1-6(-2,0),f1-6(7,0),g1-9(-2,-1),]Food:[(2,7,1),(-8,-2,2),(-3,-1,3),(-1,7,4),(-7,-2,5),(7,-3,6),(-6,-9,7),(0,-4,8),(8,-3,9),]
Day 30:Worms:[c1-11(-1,-1),d1-8(7,2),e1-5(-3,0),f1-5(7,-1),g1-18(-3,-1),]Food:[(-8,-2,1),(-1,7,3),(-7,-2,4),(7,-3,5),(-6,-9,6),(0,-4,7),(8,-3,8),(3,-4,9),]
Day 31:Worms:[c1-10(0,-1),d1-7(7,1),e1-4(-2,0),f1-4(7,-2),g1-17(-2,-1),]Food:[(-1,7,2),(-7,-2,3),(7,-3,4),(-6,-9,5),(0,-4,6),(8,-3,7),(3,-4,8),(0,-2,9),]
Day 32:Worms:[c1-19(0,-2),d1-6(7,0),e1-3(-1,0),f1-13(7,-3),g1-16(-1,-1),]Food:[(-1,7,1),(-7,-2,2),(-6,-9,4),(0,-4,5),(8,-3,6),(3,-4,7),(-5,2,9),]
Day 33:Worms:[c1-18(0,-3),d1-5(8,0),e1-2(0,0),f1-22(8,-3),g1-15(0,-1),]Food:[(-7,-2,1),(-6,-9,3),(0,-4,4),(3,-4,6),(-5,2,8),(-3,12,9),]
Day 34:Worms:[c1-27(0,-4),d1-4(7,0),e1-1(0,0),f1-12(8,-3),g1-14(0,-2),h1-10(9,-3),]Food:[(-6,-9,2),(3,-4,5),(-5,2,7),(-3,12,8),(3,-6,9),]
Day 35:Worms:[c1-17(0,-4),d1-3(6,0),f1-11(7,-3),g1-13(1,-2),h1-9(8,-3),i1-10(1,-4),]Food:[(-6,-9,1),(3,-4,4),(-5,2,6),(-3,12,7),(3,-6,8),(3,3,9),]
Day 36:Worms:[c1-16(-1,-4),d1-2(5,0),f1-10(6,-3),g1-12(2,-2),h1-8(7,-3),i1-9(2,-4),]Food:[(3,-4,3),(-5,2,5),(-3,12,6),(3,-6,7),(3,3,8),(-1,3,9),]
Day 37:Worms:[c1-15(0,-4),d1-1(4,0),f1-9(5,-3),g1-11(3,-2),h1-7(6,-3),i1-18(3,-4),]Food:[(-5,2,4),(-3,12,5),(3,-6,6),(3,3,7),(-1,3,8),(0,-8,9),]
Day 38:Worms:[c1-14(0,-5),f1-8(4,-3),g1-10(3,-3),h1-6(5,-3),i1-17(3,-5),]Food:[(-5,2,3),(-3,12,4),(3,-6,5),(3,3,6),(-1,3,7),(0,-8,8),(-5,8,9),]
Day 39:Worms:[c1-13(0,-6),f1-7(4,-3),g1-9(3,-4),h1-5(5,-3),i1-26(3,-6),]Food:[(-5,2,2),(-3,12,3),(3,3,5),(-1,3,6),(0,-8,7),(-5,8,8),(-1,-1,9),]
Day 40:Worms:[c1-12(0,-7),f1-6(3,-3),g1-8(2,-4),h1-4(4,-3),i1-16(3,-6),j1-10(4,-6),]Food:[(-5,2,1),(-3,12,2),(3,3,4),(-1,3,5),(0,-8,6),(-5,8,7),(-1,-1,8),(-4,0,9),]
Day 41:Worms:[c1-21(0,-8),f1-5(2,-3),g1-7(1,-4),h1-3(3,-3),i1-15(2,-6),j1-9(3,-6),]Food:[(-3,12,1),(3,3,3),(-1,3,4),(-5,8,6),(-1,-1,7),(-4,0,8),(-5,9,9),]
Day 42:Worms:[c1-11(0,-8),f1-4(1,-3),g1-6(0,-4),h1-2(2,-3),i1-14(1,-6),j1-8(4,-6),k1-10(1,-8),]Food:[(3,3,2),(-1,3,3),(-5,8,5),(-1,-1,6),(-4,0,7),(-5,9,8),(5,-6,9),]
Day 43:Worms:[c1-10(-1,-8),f1-3(0,-3),g1-5(-1,-4),h1-1(1,-3),i1-13(2,-6),j1-17(5,-6),k1-9(2,-8),]Food:[(3,3,1),(-1,3,2),(-5,8,4),(-1,-1,5),(-4,0,6),(-5,9,7),(2,-11,9),]
Day 44:Worms:[c1-9(0,-8),f1-2(-1,-3),g1-4(-1,-4),i1-12(2,-7),j1-16(4,-6),k1-8(2,-9),]Food:[(-1,3,1),(-5,8,3),(-1,-1,4),(-4,0,5),(-5,9,6),(2,-11,8),(-7,1,9),]
Day 45:Worms:[c1-8(1,-8),f1-1(-1,-2),g1-3(-1,-3),i1-11(2,-8),j1-15(3,-6),k1-7(2,-10),]Food:[(-5,8,2),(-1,-1,3),(-4,0,4),(-5,9,5),(2,-11,7),(-7,1,8),(-4,3,9),]
Day 46:Worms:[c1-7(0,-8),f1-10(-1,-1),g1-2(-1,-2),i1-10(2,-9),j1-14(4,-6),k1-16(2,-11),]Food:[(-5,8,1),(-4,0,3),(-5,9,4),(-7,1,7),(-4,3,8),(4,-3,9),]
Day 47:Worms:[c1-6(0,-7),f1-9(-2,-1),g1-1(0,-2),i1-9(3,-9),j1-13(4,-5),k1-15(1,-11),]Food:[(-4,0,2),(-5,9,3),(-7,1,6),(-4,3,7),(4,-3,8),(-8,0,9),]
Day 48:Worms:[c1-5(-1,-7),f1-8(-1,-1),i1-8(4,-9),j1-12(4,-4),k1-14(0,-11),]Food:[(-4,0,1),(-5,9,2),(-7,1,5),(-4,3,6),(4,-3,7),(-8,0,8),(-1,-4,9),]
Day 49:Worms:[c1-4(-1,-6),f1-7(-1,-2),i1-7(4,-8),j1-21(4,-3),k1-13(-1,-11),]Food:[(-5,9,1),(-7,1,4),(-4,3,5),(-8,0,7),(-1,-4,8),(1,2,9),]
Day 50:Worms:[c1-3(-1,-5),f1-6(-1,-3),i1-6(5,-8),j1-11(4,-3),k1-12(-1,-10),l1-10(5,-3),]Food:[(-7,1,3),(-4,3,4),(-8,0,6),(-1,-4,7),(1,2,8),(6,-4,9),]
Day 51:Worms:[c1-12(-1,-4),f1-5(-1,-3),i1-5(6,-8),j1-10(3,-3),k1-11(-1,-9),l1-9(6,-3),]Food:[(-7,1,2),(-4,3,3),(-8,0,5),(1,2,7),(6,-4,8),(8,-1,9),]
Day 52:Worms:[c1-11(-2,-4),f1-4(0,-3),i1-4(6,-7),j1-9(4,-3),k1-10(0,-9),l1-18(6,-4),]Food:[(-7,1,1),(-4,3,2),(-8,0,4),(1,2,6),(8,-1,8),(3,8,9),]
Day 53:Worms:[c1-10(-1,-4),f1-13(1,-3),i1-3(5,-7),j1-8(3,-3),k1-9(1,-9),l1-17(7,-4),]Food:[(-4,3,1),(-8,0,3),(1,2,5),(8,-1,7),(3,8,8),]
Day 54:Worms:[c1-9(-2,-4),f1-12(1,-2),i1-2(4,-7),j1-7(4,-3),k1-8(0,-9),l1-16(8,-4),]Food:[(-8,0,2),(1,2,4),(8,-1,6),(3,8,7),(-3,2,9),]
Day 55:Worms:[c1-8(-1,-4),f1-11(1,-3),i1-1(3,-7),j1-6(3,-3),k1-7(1,-9),l1-15(8,-3),]Food:[(-8,0,1),(1,2,3),(8,-1,5),(3,8,6),(-3,2,8),(1,-4,9),]
Day 56:Worms:[c1-7(0,-4),f1-20(1,-4),j1-15(2,-3),k1-6(1,-8),l1-14(8,-2),]Food:[(1,2,2),(8,-1,4),(3,8,5),(-3,2,7),]
Day 57:Worms:[c1-6(-1,-4),f1-10(1,-4),j1-14(1,-3),k1-5(0,-8),l1-23(8,-1),m1-10(2,-4),]Food:[(1,2,1),(3,8,4),(-3,2,6),(-4,-4,9),]
Day 58:Worms:[c1-5(-2,-4),f1-9(0,-4),j1-13(0,-3),k1-4(0,-7),l1-13(8,-1),m1-9(1,-4),n1-10(9,-1),]Food:[(3,8,3),(-3,2,5),(-4,-4,8),(-2,6,9),]
Day 59:Worms:[c1-4(-3,-4),f1-8(-1,-4),j1-12(-1,-3),k1-3(0,-6),l1-12(7,-1),m1-8(0,-4),n1-9(8,-1),]Food:[(3,8,2),(-3,2,4),(-4,-4,7),(-2,6,8),(-4,-1,9),]
Day 60:Worms:[c1-13(-4,-4),f1-7(-2,-4),j1-11(-2,-3),k1-2(0,-5),l1-11(6,-1),m1-7(-1,-4),n1-8(7,-1),]Food:[(3,8,1),(-3,2,3),(-2,6,7),(-4,-1,8),(-4,-3,9),]
Day 61:Worms:[c1-22(-4,-3),f1-6(-3,-4),j1-10(-3,-3),k1-1(0,-4),l1-10(5,-1),m1-6(-2,-4),n1-7(6,-1),]Food:[(-3,2,2),(-2,6,6),(-4,-1,7),(-1,3,9),]
Day 62:Worms:[c1-12(-4,-3),f1-5(-4,-4),j1-9(-3,-3),l1-9(4,-1),m1-5(-3,-4),n1-6(5,-1),o1-10(-5,-3),]Food:[(-3,2,1),(-2,6,5),(-4,-1,6),(-1,3,8),(-7,-4,9),]
Day 63:Worms:[c1-11(-4,-2),f1-4(-4,-3),j1-8(-3,-3),l1-8(3,-1),m1-4(-4,-4),n1-5(4,-1),o1-9(-6,-3),]Food:[(-2,6,4),(-4,-1,5),(-1,3,7),(-7,-4,8),(-2,-3,9),]
Day 64:Worms:[c1-20(-4,-1),f1-3(-4,-2),j1-17(-2,-3),l1-7(2,-1),m1-13(-3,-4),n1-4(3,-1),o1-8(-7,-3),]Food:[(-2,6,3),(-1,3,6),(-7,-4,7),]
Day 65:Worms:[c1-10(-4,-1),f1-2(-5,-2),j1-16(-1,-3),l1-6(2,-2),m1-12(-4,-4),n1-3(2,-1),o1-17(-7,-4),p1-10(-3,-1),]Food:[(-2,6,2),(-1,3,5),(2,-4,9),]
Day 66:Worms:[c1-9(-5,-1),f1-1(-6,-2),j1-15(0,-3),l1-5(2,-3),m1-11(-3,-4),n1-2(2,-2),o1-16(-6,-4),p1-9(-2,-1),]Food:[(-2,6,1),(-1,3,4),(2,-4,8),(3,-7,9),]
Day 67:Worms:[c1-8(-6,-1),j1-14(1,-3),l1-14(2,-4),m1-10(-2,-4),n1-1(2,-3),o1-15(-5,-4),p1-8(-1,-1),]Food:[(-1,3,3),(3,-7,8),(-9,2,9),]
Day 68:Worms:[c1-7(-7,-1),j1-13(0,-3),l1-13(1,-4),m1-9(-1,-4),o1-14(-4,-4),p1-7(0,-1),]Food:[(-1,3,2),(3,-7,7),(-9,2,8),(5,-1,9),]
Day 69:Worms:[c1-6(-8,-1),j1-12(-1,-3),l1-12(2,-4),m1-8(-2,-4),o1-13(-4,-3),p1-6(1,-1),]Food:[(-1,3,1),(3,-7,6),(-9,2,7),(5,-1,8),(-4,1,9),]
Day 70:Worms:[c1-5(-9,-1),j1-11(0,-3),l1-11(3,-4),m1-7(-3,-4),o1-12(-4,-2),p1-5(2,-1),]Food:[(3,-7,5),(-9,2,6),(5,-1,7),(-4,1,8),(3,-1,9),]
Day 71:Worms:[c1-4(-9,0),j1-10(1,-3),l1-10(3,-5),m1-6(-4,-4),o1-11(-4,-1),p1-14(3,-1),]Food:[(3,-7,4),(-9,2,5),(5,-1,6),(-4,1,7),(-6,1,9),]
Day 72:Worms:[c1-3(-9,1),j1-9(2,-3),l1-9(3,-6),m1-5(-4,-3),o1-10(-4,0),p1-13(4,-1),]Food:[(3,-7,3),(-9,2,4),(5,-1,5),(-4,1,6),(-6,1,8),(0,3,9),]
Day 73:Worms:[c1-12(-9,2),j1-8(3,-3),l1-18(3,-7),m1-4(-4,-2),o1-19(-4,1),p1-22(5,-1),]Food:[(-6,1,7),(0,3,8),(4,6,9),]
Day 74:Worms:[c1-11(-8,2),j1-7(2,-3),l1-17(2,-7),m1-3(-3,-2),o1-18(-5,1),p1-12(5,-1),q1-10(6,-1),]Food:[(-6,1,6),(0,3,7),(4,6,8),(1,-3,9),]
Day 75:Worms:[c1-10(-7,2),j1-16(1,-3),l1-16(1,-7),m1-2(-2,-2),o1-27(-6,1),p1-11(4,-1),q1-9(5,-1),]Food:[(0,3,6),(4,6,7),(-6,-7,9),]
Day 76:Worms:[c1-9(-8,2),j1-15(0,-3),l1-15(0,-7),m1-1(-1,-2),o1-17(-6,1),p1-10(4,0),q1-8(6,-1),r1-10(-5,1),]Food:[(0,3,5),(4,6,6),(-6,-7,8),(8,5,9),]
Day 77:Worms:[c1-8(-7,2),j1-14(-1,-3),l1-14(-1,-7),o1-16(-7,1),p1-9(4,1),q1-7(7,-1),r1-9(-4,1),]Food:[(0,3,4),(4,6,5),(-6,-7,7),(8,5,8),(-1,3,9),]
Day 78:Worms:[c1-7(-6,2),j1-13(-1,-2),l1-13(-2,-7),o1-15(-6,1),p1-8(4,2),q1-6(8,-1),r1-8(-3,1),]Food:[(0,3,3),(4,6,4),(-6,-7,6),(8,5,7),(-1,3,8),(1,3,9),]
Day 79:Worms:[c1-6(-5,2),j1-12(0,-2),l1-12(-3,-7),o1-14(-5,1),p1-7(4,3),q1-5(8,0),r1-7(-2,1),]Food:[(0,3,2),(4,6,3),(-6,-7,5),(8,5,6),(-1,3,7),(1,3,8),(1,-1,9),]
Day 80:Worms:[c1-5(-4,2),j1-11(1,-2),l1-11(-4,-7),o1-13(-4,1),p1-6(4,4),q1-4(8,1),r1-6(-1,1),]Food:[(0,3,1),(4,6,2),(-6,-7,4),(8,5,5),(-1,3,6),(1,3,7),(1,-1,8),(-4,-2,9),]
Day 81:Worms:[c1-4(-3,2),j1-20(1,-1),l1-10(-5,-7),o1-12(-4,0),p1-5(4,5),q1-3(8,2),r1-5(-1,2),]Food:[(4,6,1),(-6,-7,3),(8,5,4),(-1,3,5),(1,3,6),(-4,-2,8),(6,6,9),]
Day 82:Worms:[c1-3(-2,2),j1-10(1,-1),l1-19(-6,-7),o1-11(-4,-1),p1-14(4,6),q1-2(8,3),r1-14(-1,3),s1-10(2,-1),]Food:[(8,5,3),(1,3,5),(-4,-2,7),(6,6,8),(-3,6,9),]
Day 83:Worms:[c1-2(-1,2),j1-9(1,0),l1-18(-5,-7),o1-20(-4,-2),p1-13(5,6),q1-1(8,4),r1-13(0,3),s1-9(1,-1),]Food:[(8,5,2),(1,3,4),(6,6,7),(-3,6,8),(-10,0,9),]
Day 84:Worms:[c1-1(0,2),j1-8(1,1),l1-17(-4,-7),o1-10(-4,-2),p1-22(6,6),q1-10(8,5),r1-22(1,3),s1-8(1,0),t1-10(-3,-2),]Food:[(-3,6,7),(-10,0,8),(-10,4,9),]
Day 85:Worms:[j1-7(1,1),l1-16(-3,-7),o1-9(-5,-2),p1-12(6,6),q1-9(7,5),r1-12(1,3),s1-7(0,0),t1-9(-2,-2),u1-10(7,6),v1-10(2,3),]Food:[(-3,6,6),(-10,0,7),(-10,4,8),(5,2,9),]
Day 86:Worms:[j1-6(2,1),l1-15(-2,-7),o1-8(-6,-2),p1-11(5,6),q1-8(6,5),r1-11(0,3),s1-6(1,0),t1-8(-1,-2),u1-9(6,6),v1-9(3,3),]Food:[(-3,6,5),(-10,0,6),(-10,4,7),(5,2,8),(5,-2,9),]
Day 87:Worms:[j1-5(3,1),l1-14(-1,-7),o1-7(-7,-2),p1-10(5,5),q1-7(6,5),r1-10(1,3),s1-5(2,0),t1-7(0,-2),u1-8(5,6),v1-8(4,3),]Food:[(-3,6,4),(-10,0,5),(-10,4,6),(5,2,7),(5,-2,8),(4,-9,9),]
Day 88:Worms:[j1-4(4,1),l1-13(0,-7),o1-6(-8,-2),p1-9(5,4),q1-6(5,5),r1-9(2,3),s1-4(3,0),t1-6(1,-2),u1-7(5,6),v1-7(5,3),]Food:[(-3,6,3),(-10,0,4),(-10,4,5),(5,2,6),(5,-2,7),(4,-9,8),(7,-5,9),]
Day 89:Worms:[j1-3(5,1),l1-12(1,-7),o1-5(-9,-2),p1-8(5,4),q1-5(5,5),r1-8(3,3),s1-3(4,0),t1-5(0,-2),u1-6(5,6),v1-16(5,2),]Food:[(-3,6,2),(-10,0,3),(-10,4,4),(5,-2,6),(4,-9,7),(7,-5,8),(-1,-2,9),]
Day 90:Worms:[j1-2(5,0),l1-11(2,-7),o1-4(-10,-2),p1-7(4,4),q1-4(4,5),r1-7(3,4),s1-2(3,0),t1-14(-1,-2),u1-5(4,6),v1-15(5,1),]Food:[(-3,6,1),(-10,0,2),(-10,4,3),(5,-2,5),(4,-9,6),(7,-5,7),(3,7,9),]
Day 91:Worms:[j1-1(5,-1),l1-10(3,-7),o1-3(-10,-1),p1-6(4,4),q1-3(3,5),r1-6(3,4),s1-1(2,0),t1-13(-2,-2),u1-4(3,6),v1-14(5,0),]Food:[(-10,0,1),(-10,4,2),(5,-2,4),(4,-9,5),(7,-5,6),(3,7,8),(-5,1,9),]
Day 92:Worms:[j1-10(5,-2),l1-9(4,-7),o1-12(-10,0),p1-5(4,4),q1-2(3,5),r1-5(3,4),t1-12(-3,-2),u1-13(3,7),v1-13(5,-1),]Food:[(-10,4,1),(4,-9,4),(7,-5,5),(-5,1,8),(-4,11,9),]
Day 93:Worms:[j1-9(4,-2),l1-8(4,-8),o1-11(-9,0),p1-4(4,4),q1-1(2,5),r1-4(2,4),t1-11(-4,-2),u1-12(3,8),v1-12(4,-1),]Food:[(4,-9,3),(7,-5,4),(-5,1,7),(-4,11,8),(3,10,9),]
Day 94:Worms:[j1-8(3,-2),l1-17(4,-9),o1-10(-8,0),p1-3(3,4),r1-3(1,4),t1-10(-5,-2),u1-11(3,9),v1-11(3,-1),]Food:[(7,-5,3),(-5,1,6),(-4,11,7),(3,10,8),(-7,-3,9),]
Day 95:Worms:[j1-7(2,-2),l1-16(3,-9),o1-9(-7,0),p1-2(2,4),r1-2(0,4),t1-9(-5,-1),u1-20(3,10),v1-10(2,-1),]Food:[(7,-5,2),(-5,1,5),(-4,11,6),(-7,-3,8),(-6,-4,9),]
Day 96:Worms:[j1-6(1,-2),l1-15(2,-9),o1-8(-6,0),p1-1(1,4),r1-1(0,3),t1-8(-5,0),u1-10(3,10),v1-9(1,-1),w1-10(4,10),]Food:[(7,-5,1),(-5,1,4),(-4,11,5),(-7,-3,7),(-6,-4,8),(-4,0,9),]
Day 97:Worms:[j1-5(0,-2),l1-14(1,-9),o1-7(-7,0),t1-17(-5,1),u1-9(2,10),v1-8(0,-1),w1-9(3,10),]Food:[(-4,11,4),(-7,-3,6),(-6,-4,7),(-4,0,8),(-3,-3,9),]
Day 98:Worms:[j1-4(-1,-2),l1-13(0,-9),o1-6(-7,-1),t1-16(-4,1),u1-8(1,10),v1-7(-1,-1),w1-8(2,10),]Food:[(-4,11,3),(-7,-3,5),(-6,-4,6),(-4,0,7),(-3,-3,8),(-7,7,9),]
Day 99:Worms:[j1-3(-2,-2),l1-12(0,-8),o1-5(-7,-2),t1-25(-4,0),u1-7(0,10),v1-6(-2,-1),w1-7(1,10),]Food:[(-4,11,2),(-7,-3,4),(-6,-4,5),(-3,-3,7),(-7,7,8),(10,1,9),]
Day 100:Worms:[j1-2(-3,-2),l1-11(0,-7),o1-14(-7,-3),t1-15(-4,0),u1-6(0,9),v1-5(-1,-1),w1-6(0,10),x1-10(-3,0),]Food:[(-4,11,1),(-6,-4,4),(-3,-3,6),(-7,7,7),(10,1,8),(0,-1,9),]
Total Worms = 8